Account1: 0.0.49330122
Account2: 0.0.49330123
Account3: 0.0.49330126
Account4: 0.0.49330128
Account5: 0.0.49330130
